0 (0 12 22 79 80 83 84 87)
1 (1 3 4 8 11 85 88)
2 (2 14 25 28 90)
3 (5 7 10 13 15 17 19)
4 (6)
5 (9)
6 (16 20 26 29 35 41 47 53 59 65 71 77 81 96 100 104 106 108 110)
7 (18 23 32 38 44 50 56 62 68 74 98 102)
8 (21 101)
9 (24 103)
10 (27 105)
11 (30 33)
12 (31)
13 (34)
14 (36 39)
15 (37)
16 (40)
17 (42 45)
18 (43)
19 (46)
20 (48 51)
21 (49)
22 (52)
23 (54 57)
24 (55)
25 (58)
26 (60 63)
27 (61)
28 (64)
29 (66 69)
30 (67)
31 (70)
32 (72 75)
33 (73)
34 (76)
35 (78 107)
36 (82 109 111)
37 (86)
38 (89)
39 (91)
40 (92)
41 (93)
42 (94)
43 (95)
44 (97 99)
